Script started on Fri 14 Oct 2016 07:39:51 PM DST
$
$#----------Sample Output for Lab 5----------
$
$gcc -Wall lab5.c
$
$./a.out
(22, 20) (23, 20) (24, 20) (25, 20) (26, 20) 
(27, 20) (19, 19) (20, 19) (21, 19) (22, 19) 
(27, 19) (28, 19) (29, 19) (30, 19) (18, 18) 
(19, 18) (30, 18) (31, 18) (17, 17) (18, 17) 
(31, 17) (32, 17) (16, 16) (17, 16) (32, 16) 
(33, 16) (15, 15) (16, 15) (15, 14) (16, 14) 
(33, 14) (34, 14) (15, 13) (16, 13) (33, 13) 
(34, 13) (15, 12) (16, 12) (33, 12) (34, 12) 
(15, 11) (16, 11) (33, 11) (34, 11) (15, 10) 
(16, 10) (33, 10) (34, 10) (16, 9) (17, 9) 
(32, 9) (33, 9) (17, 8) (18, 8) (31, 8) 
(32, 8) (18, 7) (19, 7) (30, 7) (31, 7) 
(19, 6) (20, 6) (21, 6) (22, 6) (27, 6) 
(28, 6) (29, 6) (30, 6) (22, 5) (23, 5) 
(24, 5) (25, 5) (26, 5) (27, 5) 
$
$exit
exit

Script done on Fri 14 Oct 2016 07:40:31 PM DST
